# Dolby Vision Display Management Configuration File
# Date : 12/13/2023
# Brand Model Number: K9E zijin 2203129BC

[Global]
DMSwVersion = 4.0
Tmax = 450
Tmin = 0.0001
TPrimaries = 0.68 0.32 0.265 0.69 0.15 0.06 0.300 0.315

TEOTF = POWER
Tgamma = 2.25

RGB2YCCmat=0.2249515012 0.5805731287 0.0507803555 -0.1222960562 -0.3156316076 0.4379276637 0.4379276637 -0.4027047292 -0.0352229345
RGB2YCCOffsetNorm=0.0625 0.5 0.5

DBrightness = 0.3
DSaturation = 0.1
Ambient = 3

BLUPwm = 1 64 128 192 255 
BLULight = 450 450 450 450 450
BLULightMin = 0.0001 0.0001 0.0001 0.0001 0.0001

[PictureMode = 0]
PictureModeName = Dolby Vision Standard
DBrightness = 0.3
DSaturation = 0.1

[PictureMode = 0]
PictureModeName = Dolby Vision Vivid
DBrightness = 0.3
DSaturation = 0.1

[PictureMode = 2]
PictureModeName = Dolby Vision Cinema
DBrightness = 0.3
DSaturation = 0.1



